﻿날짜,확진자(누계),확진자,백신접종자(누계),백신접종자
2022-05-19,"1,058,449","1,337","2,446,384",17
2022-05-18,"1,057,112","1,395","2,446,367",20
2022-05-17,"1,055,717","1,725","2,446,347",26
2022-05-16,"1,053,992",607,"2,446,321",0
2022-05-15,"1,053,385","1,158","2,446,321",51
2022-05-14,"1,052,227","1,413","2,446,270",75
2022-05-13,"1,050,814","1,513","2,446,195",48
2022-05-12,"1,049,301","1,684","2,446,147",25
2022-05-11,"1,047,617","2,175","2,446,122",27
2022-05-10,"1,045,442","2,555","2,446,095",36
2022-05-09,"1,042,887",922,"2,446,059",1
2022-05-08,"1,041,965","1,708","2,446,058",52
2022-05-07,"1,040,257","2,021","2,446,006",85
2022-05-06,"1,038,236","1,164","2,445,921",2
2022-05-05,"1,037,072","2,017","2,445,919",53
2022-05-04,"1,035,055","2,167","2,445,866",37
2022-05-03,"1,032,888","2,608","2,445,829",44
2022-05-02,"1,030,280",911,"2,445,785",2
2022-05-01,"1,029,369","1,760","2,445,783",84
2022-04-30,"1,027,609","1,960","2,445,699",159
2022-04-29,"1,025,649","2,254","2,445,540",49
2022-04-28,"1,023,395","2,845","2,445,491",67
2022-04-27,"1,020,550","3,624","2,445,424",43
2022-04-26,"1,016,926","4,282","2,445,381",51
2022-04-25,"1,012,644","1,656","2,445,330",3
2022-04-24,"1,010,988","3,319","2,445,327",94
2022-04-23,"1,007,669","3,674","2,445,233",205
2022-04-22,"1,003,995","4,098","2,445,028",78
2022-04-21,"999,897","4,667","2,444,950",74
2022-04-20,"995,230","5,435","2,444,876",33
2022-04-19,"989,795","6,668","2,444,843",37
2022-04-18,"983,127","2,487","2,444,806",1
2022-04-17,"980,640","4,874","2,444,805",127
2022-04-16,"975,766","5,606","2,444,678",335
2022-04-15,"970,160","6,690","2,444,343",65
2022-04-14,"963,470","7,631","2,444,278",86
2022-04-13,"955,839","9,667","2,444,192",63
2022-04-12,"946,172","11,648","2,444,129",78
2022-04-11,"934,524","4,385","2,444,051",4
2022-04-10,"930,139","8,594","2,444,047",246
2022-04-09,"921,545","9,759","2,443,801",505
2022-04-08,"911,786","10,559","2,443,296",106
2022-04-07,"901,227","11,271","2,443,190",91
2022-04-06,"889,956","14,845","2,443,099",96
2022-04-05,"875,111","15,354","2,443,003",136
2022-04-04,"859,757","5,545","2,442,867",5
2022-04-03,"854,212","13,395","2,442,862",452
2022-04-02,"840,817","14,284","2,442,410",600
2022-04-01,"826,533","14,797","2,441,810",242
2022-03-31,"811,736","18,128","2,441,568",56
2022-03-30,"793,608","23,261","2,441,512",70
2022-03-29,"770,347","18,826","2,441,442",90
2022-03-28,"751,521","11,727","2,441,352",2
2022-03-27,"739,794","21,570","2,441,350",98
2022-03-26,"718,224","16,785","2,441,252",181
2022-03-25,"701,439","21,773","2,441,071",117
2022-03-24,"679,666","24,691","2,440,954",64
2022-03-23,"654,975","24,941","2,440,890",90
2022-03-22,"630,034","17,569","2,440,800",127
2022-03-21,"612,465","12,086","2,440,673",1
2022-03-20,"600,379","19,149","2,440,672",122
2022-03-19,"581,230","20,838","2,440,550",224
2022-03-18,"560,392","25,798","2,440,326",121
2022-03-17,"534,594","32,965","2,440,205",100
2022-03-16,"501,629","28,464","2,440,105",116
2022-03-15,"473,165","20,445","2,439,989",184
2022-03-14,"452,720","18,239","2,439,805",10
2022-03-13,"434,481","20,237","2,439,795",220
2022-03-12,"414,244","23,738","2,439,575",402
2022-03-11,"390,506","17,458","2,439,173",239
2022-03-10,"373,048","21,975","2,438,934",65
2022-03-09,"351,073","18,828","2,438,869",273
2022-03-08,"332,245","12,606","2,438,596",389
2022-03-07,"319,639","15,324","2,438,207",10
2022-03-06,"304,315","14,859","2,438,197",148
2022-03-05,"289,456","18,838","2,438,049",182
2022-03-04,"270,618","16,683","2,437,867",107
2022-03-03,"253,935","15,964","2,437,760",100
2022-03-02,"237,971","12,105","2,437,660",11
2022-03-01,"225,866","8,956","2,437,649",294
2022-02-28,"216,910","10,741","2,437,355",15
2022-02-27,"206,169","11,133","2,437,340",256
2022-02-26,"195,036","12,113","2,437,084",460
2022-02-25,"182,923","12,847","2,436,624",338
2022-02-24,"170,076","13,863","2,436,286",297
2022-02-23,"156,213","11,063","2,435,989",348
2022-02-22,"145,150","7,772","2,435,641",411
2022-02-21,"137,378","7,364","2,435,230",31
2022-02-20,"130,014","9,191","2,435,199",415
2022-02-19,"120,823","7,816","2,434,784",635
2022-02-18,"113,007","7,344","2,434,149",445
2022-02-17,"105,663","7,238","2,433,704",494
2022-02-16,"98,425","5,822","2,433,210",546
2022-02-15,"92,603","4,906","2,432,664",623
2022-02-14,"87,697","3,578","2,432,041",44
2022-02-13,"84,119","4,475","2,431,997",370
2022-02-12,"79,644","5,068","2,431,627",423
2022-02-11,"74,576","3,745","2,431,204",334
2022-02-10,"70,831","3,996","2,430,870",269
2022-02-09,"66,835","3,931","2,430,601",283
2022-02-08,"62,904","2,982","2,430,318",480
2022-02-07,"59,922","2,376","2,429,838",33
2022-02-06,"57,546","2,238","2,429,805",446
2022-02-05,"55,308","2,500","2,429,359",673
2022-02-04,"52,808","1,783","2,428,686",652
2022-02-03,"51,025","1,535","2,428,034",26
2022-02-02,"49,490","1,400","2,428,008",5
2022-02-01,"48,090","1,381","2,428,003",28
2022-01-31,"46,709","1,226","2,427,975",53
2022-01-30,"45,483","1,316","2,427,922",514
2022-01-29,"44,167","1,615","2,427,408",686
2022-01-28,"42,552","1,244","2,426,722",515
2022-01-27,"41,308","1,029","2,426,207",499
2022-01-26,"40,279",879,"2,425,708",554
2022-01-25,"39,400",670,"2,425,154",661
2022-01-24,"38,730",582,"2,424,493",49
2022-01-23,"38,148",610,"2,424,444",601
2022-01-22,"37,538",571,"2,423,843",853
2022-01-21,"36,967",452,"2,422,990",598
2022-01-20,"36,515",418,"2,422,392",571
2022-01-19,"36,097",424,"2,421,821",682
2022-01-18,"35,673",196,"2,421,139",985
2022-01-17,"35,477",200,"2,420,154",53
2022-01-16,"35,277",260,"2,420,101",847
2022-01-15,"35,017",248,"2,419,254","1,123"
2022-01-14,"34,769",266,"2,418,131",858
2022-01-13,"34,503",240,"2,417,273",870
2022-01-12,"34,263",262,"2,416,403","1,096"
2022-01-11,"34,001",154,"2,415,307","1,297"
2022-01-10,"33,847",125,"2,414,010",60
2022-01-09,"33,722",185,"2,413,950",953
2022-01-08,"33,537",203,"2,412,997","1,296"
2022-01-07,"33,334",181,"2,411,701",999
2022-01-06,"33,153",283,"2,410,702","1,083"
2022-01-05,"32,870",271,"2,409,619","1,330"
2022-01-04,"32,599",171,"2,408,289","2,150"
2022-01-03,"32,428",187,"2,406,139",144
2022-01-02,"32,241",233,"2,405,995",293
2022-01-01,"32,008",241,"2,405,702","2,536"
2021-12-31,"31,767",304,"2,403,166","2,185"
2021-12-30,"31,463",318,"2,400,981","2,229"
2021-12-29,"31,145",314,"2,398,752","2,124"
2021-12-28,"30,831",241,"2,396,628","3,745"
2021-12-27,"30,590",234,"2,392,883",183
2021-12-26,"30,356",328,"2,392,700",647
2021-12-25,"30,028",400,"2,392,053","3,939"
2021-12-24,"29,628",438,"2,388,114","3,761"
2021-12-23,"29,190",422,"2,384,353","4,172"
2021-12-22,"28,768",479,"2,380,181","3,617"
2021-12-21,"28,289",384,"2,376,564","5,991"
2021-12-20,"27,905",375,"2,370,573",525
2021-12-19,"27,530",493,"2,370,048","3,908"
2021-12-18,"27,037",600,"2,366,140","5,446"
2021-12-17,"26,437",572,"2,360,694","4,811"
2021-12-16,"25,865",511,"2,355,883","4,326"
2021-12-15,"25,354",476,"2,351,557","2,772"
2021-12-14,"24,878",348,"2,348,785","4,069"
2021-12-13,"24,530",390,"2,344,716",138
2021-12-12,"24,140",458,"2,344,578","1,597"
2021-12-11,"23,682",464,"2,342,981","2,745"
2021-12-10,"23,218",465,"2,340,236","2,446"
2021-12-09,"22,753",497,"2,337,790","2,424"
2021-12-08,"22,256",433,"2,335,366","2,177"
2021-12-07,"21,823",251,"2,333,189","3,224"
2021-12-06,"21,572",302,"2,329,965",142
2021-12-05,"21,270",337,"2,329,823","1,478"
2021-12-04,"20,933",284,"2,328,345","2,003"
2021-12-03,"20,649",307,"2,326,342","1,331"
2021-12-02,"20,342",355,"2,325,011","1,346"
2021-12-01,"19,987",326,"2,323,665","1,172"
2021-11-30,"19,661",192,"2,322,493","1,998"
2021-11-29,"19,469",233,"2,320,495",125
2021-11-28,"19,236",278,"2,320,370","2,040"
2021-11-27,"18,958",288,"2,318,330","3,002"
2021-11-26,"18,670",248,"2,315,328","2,917"
2021-11-25,"18,422",260,"2,312,411","2,911"
2021-11-24,"18,162",221,"2,309,500","1,727"
2021-11-23,"17,941",131,"2,307,773","3,517"
2021-11-22,"17,810",161,"2,304,256",158
2021-11-21,"17,649",206,"2,304,098","1,852"
2021-11-20,"17,443",204,"2,302,246","2,729"
2021-11-19,"17,239",188,"2,299,517","2,500"
2021-11-18,"17,051",195,"2,297,017","2,741"
2021-11-17,"16,856",159,"2,294,276","2,328"
2021-11-16,"16,697",131,"2,291,948","4,961"
2021-11-15,"16,566",102,"2,286,987",203
2021-11-14,"16,464",156,"2,286,784","3,691"
2021-11-13,"16,308",166,"2,283,093","4,738"
2021-11-12,"16,142",120,"2,278,355","3,637"
2021-11-11,"16,022",187,"2,274,718","3,921"
2021-11-10,"15,835",159,"2,270,797","2,612"
2021-11-09,"15,676",111,"2,268,185","6,706"
2021-11-08,"15,565",98,"2,261,479",140
2021-11-07,"15,467",161,"2,261,339","2,622"
2021-11-06,"15,306",144,"2,258,717","3,735"
2021-11-05,"15,162",153,"2,254,982","3,583"
2021-11-04,"15,009",171,"2,251,399","3,975"
2021-11-03,"14,838",183,"2,247,424","2,469"
2021-11-02,"14,655",113,"2,244,955","5,337"
2021-11-01,"14,542",127,"2,239,618",216
2021-10-31,"14,415",157,"2,239,402","2,156"
2021-10-30,"14,258",123,"2,237,246","3,090"
2021-10-29,"14,135",132,"2,234,156","3,563"
2021-10-28,"14,003",137,"2,230,593","5,354"
2021-10-27,"13,866",125,"2,225,239","2,722"
2021-10-26,"13,741",74,"2,222,517","5,129"
2021-10-25,"13,667",96,"2,217,388",166
2021-10-24,"13,571",103,"2,217,222","2,880"
2021-10-23,"13,468",106,"2,214,342","3,371"
2021-10-22,"13,362",121,"2,210,971","3,205"
2021-10-21,"13,241",105,"2,207,766","4,337"
2021-10-20,"13,136",109,"2,203,429","2,219"
2021-10-19,"13,027",93,"2,201,210","4,250"
2021-10-18,"12,934",85,"2,196,960",67
2021-10-17,"12,849",109,"2,196,893","4,207"
2021-10-16,"12,740",103,"2,192,686","5,044"
2021-10-15,"12,637",96,"2,187,642","2,851"
2021-10-14,"12,541",142,"2,184,791","3,225"
2021-10-13,"12,399",86,"2,181,566","5,424"
2021-10-12,"12,313",81,"2,176,142","5,858"
2021-10-11,"12,232",72,"2,170,284",204
2021-10-10,"12,160",95,"2,170,080",635
2021-10-09,"12,065",131,"2,169,445","2,233"
2021-10-08,"11,934",128,"2,167,212","1,990"
2021-10-07,"11,806",200,"2,165,222","2,039"
2021-10-06,"11,606",133,"2,163,183","2,604"
2021-10-05,"11,473",106,"2,160,579","1,578"
2021-10-04,"11,367",120,"2,159,001",271
2021-10-03,"11,247",128,"2,158,730","8,936"
2021-10-02,"11,119",116,"2,149,794","14,782"
2021-10-01,"11,003",159,"2,135,012","20,471"
2021-09-30,"10,844",148,"2,114,541","13,705"
2021-09-29,"10,696",154,"2,100,836","15,688"
2021-09-28,"10,542",123,"2,085,148","25,798"
2021-09-27,"10,419",145,"2,059,350","1,805"
2021-09-26,"10,274",173,"2,057,545","20,866"
2021-09-25,"10,101",201,"2,036,679","38,907"
2021-09-24,"9,900",140,"1,997,772","32,900"
2021-09-23,"9,760",107,"1,964,872","1,834"
2021-09-22,"9,653",148,"1,963,038",521
2021-09-21,"9,505",133,"1,962,517","1,692"
2021-09-20,"9,372",96,"1,960,825","1,415"
2021-09-19,"9,276",183,"1,959,410","26,799"
2021-09-18,"9,093",147,"1,932,611","42,897"
2021-09-17,"8,946",141,"1,889,714","24,942"
2021-09-16,"8,805",137,"1,864,772","22,655"
2021-09-15,"8,668",164,"1,842,117","36,364"
2021-09-14,"8,504",124,"1,805,753","49,470"
2021-09-13,"8,380",151,"1,756,283","1,208"
2021-09-12,"8,229",148,"1,755,075","22,041"
2021-09-11,"8,081",132,"1,733,034","41,861"
2021-09-10,"7,949",120,"1,691,173","26,255"
2021-09-09,"7,829",108,"1,664,918","23,554"
2021-09-08,"7,721",120,"1,641,364","34,524"
2021-09-07,"7,601",87,"1,606,840","43,094"
2021-09-06,"7,514",83,"1,563,746",450
2021-09-05,"7,431",100,"1,563,296","6,957"
2021-09-04,"7,331",98,"1,556,339","16,119"
2021-09-03,"7,233",118,"1,540,220","12,526"
2021-09-02,"7,115",123,"1,527,694","12,734"
2021-09-01,"6,992",123,"1,514,960","16,360"
2021-08-31,"6,869",73,"1,498,600","23,873"
2021-08-30,"6,796",64,"1,474,727","1,049"
2021-08-29,"6,732",93,"1,473,678","17,603"
2021-08-28,"6,639",95,"1,456,075","37,477"
2021-08-27,"6,544",97,"1,418,598","38,860"
2021-08-26,"6,447",102,"1,379,738","20,196"
2021-08-25,"6,345",119,"1,359,542","22,602"
2021-08-24,"6,226",63,"1,336,940","21,150"
2021-08-23,"6,163",78,"1,315,790","2,519"
2021-08-22,"6,085",66,"1,313,271","23,779"
2021-08-21,"6,019",92,"1,289,492","40,517"
2021-08-20,"5,927",120,"1,248,975","27,504"
2021-08-19,"5,807",153,"1,221,471","28,947"
2021-08-18,"5,654",92,"1,192,524","39,360"
2021-08-17,"5,562",78,"1,153,164","38,796"
2021-08-16,"5,484",110,"1,114,368","1,443"
2021-08-15,"5,374",100,"1,112,925","9,351"
2021-08-14,"5,274",79,"1,103,574","13,212"
2021-08-13,"5,195",97,"1,090,362","8,221"
2021-08-12,"5,098",114,"1,082,141","8,685"
2021-08-11,"4,984",111,"1,073,456","13,567"
2021-08-10,"4,873",66,"1,059,889","24,383"
2021-08-09,"4,807",65,"1,035,506","1,850"
2021-08-08,"4,742",75,"1,033,656","8,161"
2021-08-07,"4,667",90,"1,025,495","15,614"
2021-08-06,"4,577",103,"1,009,881","11,020"
2021-08-05,"4,474",90,"998,861","9,621"
2021-08-04,"4,384",83,"989,240","12,385"
2021-08-03,"4,301",48,"976,855","27,394"
2021-08-02,"4,253",62,"949,461","2,575"
2021-08-01,"4,191",89,"946,886","14,748"
2021-07-31,"4,102",96,"932,138","28,243"
2021-07-30,"4,006",119,"903,895","18,804"
2021-07-29,"3,887",96,"885,091","27,161"
2021-07-28,"3,791",102,"857,930","22,026"
2021-07-27,"3,689",65,"835,904","36,761"
2021-07-26,"3,624",71,"799,143",38
2021-07-25,"3,553",88,"799,105","1,192"
2021-07-24,"3,465",84,"797,913","7,923"
2021-07-23,"3,381",97,"789,990","8,225"
2021-07-22,"3,284",130,"781,765","7,410"
2021-07-21,"3,154",128,"774,355","7,537"
2021-07-20,"3,026",71,"766,818","7,079"
2021-07-19,"2,955",67,"759,739",0
2021-07-18,"2,888",83,"759,739","1,269"
2021-07-17,"2,805",81,"758,470","5,357"
2021-07-16,"2,724",97,"753,113","5,237"
2021-07-15,"2,627",90,"747,876","5,034"
2021-07-14,"2,537",96,"742,842","5,262"
2021-07-13,"2,441",71,"737,580","1,604"
2021-07-12,"2,370",56,"735,976",0
2021-07-11,"2,314",66,"735,976",370
2021-07-10,"2,248",84,"735,606","3,185"
2021-07-09,"2,164",82,"732,421","2,103"
2021-07-08,"2,082",64,"730,318","1,820"
2021-07-07,"2,018",57,"728,498","1,678"
2021-07-06,"1,961",23,"726,820","2,217"
2021-07-05,"1,938",22,"724,603",0
2021-07-04,"1,916",33,"724,603",17
2021-07-03,"1,883",16,"724,586",96
2021-07-02,"1,867",22,"724,490",76
2021-07-01,"1,845",36,"724,414",608
2021-06-30,"1,809",30,"723,806",485
2021-06-29,"1,779",17,"723,321",846
2021-06-28,"1,762",31,"722,475",0
2021-06-27,"1,731",25,"722,475",540
2021-06-26,"1,706",12,"721,935","2,188"
2021-06-25,"1,694",29,"719,747","1,467"
2021-06-24,"1,665",15,"718,280","1,453"
2021-06-23,"1,650",28,"716,827","1,676"
2021-06-22,"1,622",18,"715,151","1,425"
2021-06-21,"1,604",9,"713,726",35
2021-06-20,"1,595",22,"713,691","13,675"
2021-06-19,"1,573",22,"700,016","28,414"
2021-06-18,"1,551",22,"671,602","22,238"
2021-06-17,"1,529",17,"649,364","28,579"
2021-06-16,"1,512",12,"620,785","33,488"
2021-06-15,"1,500",12,"587,297","40,208"
2021-06-14,"1,488",14,"547,089","2,013"
2021-06-13,"1,474",15,"545,076","24,123"
2021-06-12,"1,459",20,"520,953","45,600"
2021-06-11,"1,439",18,"475,353","40,469"
2021-06-10,"1,421",22,"434,884","28,873"
2021-06-09,"1,399",23,"406,011","36,949"
2021-06-08,"1,376",13,"369,062","45,278"
2021-06-07,"1,363",15,"323,784",151
2021-06-06,"1,348",23,"323,633","8,000"
2021-06-05,"1,325",16,"315,633","19,691"
2021-06-04,"1,309",10,"295,942","17,626"
2021-06-03,"1,299",22,"278,316","18,911"
2021-06-02,"1,277",20,"259,405","28,655"
2021-06-01,"1,257",17,"230,750","18,567"
2021-05-31,"1,240",12,"212,183",288
2021-05-30,"1,228",18,"211,895","9,342"
2021-05-29,"1,210",18,"202,553","27,377"
2021-05-28,"1,192",26,"175,176","33,686"
2021-05-27,"1,166",30,"141,490","4,790"
2021-05-26,"1,136",19,"136,700","3,982"
2021-05-25,"1,117",11,"132,718","3,169"
2021-05-24,"1,106",18,"129,549",1
2021-05-23,"1,088",12,"129,548",27
2021-05-22,"1,076",15,"129,521",267
2021-05-21,"1,061",12,"129,254",217
2021-05-20,"1,049",13,"129,037",5
2021-05-19,"1,036",23,"129,032",252
2021-05-18,"1,013",16,"128,780",159
2021-05-17,997,14,"128,621",0
2021-05-16,983,15,"128,621",4
2021-05-15,968,16,"128,617",107
2021-05-14,952,34,"128,510",73
2021-05-13,918,17,"128,437",90
2021-05-12,901,20,"128,347",98
2021-05-11,881,121,"128,249",122
2021-05-10,760,13,"128,127",0
2021-05-09,747,11,"128,127",625
2021-05-08,736,22,"127,502","1,929"
2021-05-07,714,14,"125,573","2,139"
2021-05-06,700,19,"123,434",6
2021-05-05,681,16,"123,428","3,113"
2021-05-04,665,13,"120,315","3,487"
2021-05-03,652,15,"116,828",0
2021-05-02,637,17,"116,828","1,486"
2021-05-01,620,13,"115,342","14,515"
2021-04-30,607,14,"100,827","12,994"
2021-04-29,593,25,"87,833","11,066"
2021-04-28,568,20,"76,767","7,280"
2021-04-27,548,14,"69,487","6,286"
2021-04-26,534,14,"63,201",33
2021-04-25,520,15,"63,168","2,569"
2021-04-24,505,18,"60,599","6,559"
2021-04-23,487,10,"54,040","4,917"
2021-04-22,477,14,"49,123","5,176"
2021-04-21,463,15,"43,947","5,173"
2021-04-20,448,18,"38,774","4,928"
2021-04-19,430,11,"33,846",0
2021-04-18,419,19,"33,846","1,356"
2021-04-17,400,23,"32,490","4,780"
2021-04-16,377,12,"27,710","4,132"
2021-04-15,365,17,"23,578","2,545"
2021-04-14,348,26,"21,033","2,472"
2021-04-13,322,16,"18,561","2,214"
2021-04-12,306,12,"16,347",0
2021-04-11,294,17,"16,347",577
2021-04-10,277,24,"15,770","1,703"
2021-04-09,253,45,"14,067","1,827"
2021-04-08,208,25,"12,240","2,120"
2021-04-07,183,48,"10,120","1,969"
2021-04-06,135,27,"8,151","1,930"
2021-04-05,108,22,"6,221",0
2021-04-04,86,22,"6,221",529
2021-04-03,64,21,"5,692","2,288"
2021-04-02,43,23,"3,404","2,198"
2021-04-01,20,20,"1,206","1,206"
